# 2026年 フェブラリーステークス 予測結果

## 期待値ランキング
期待値が高い順に並んでいます。
| 馬名               |   予測確率 |   Raw確率 |   ユーザーオッズ |    期待値 |
|--------------------|------------|-----------|------------------|-----------|
| サンライズホーク   |  0.0398856 |  0.23467  |            647.7 | 25.8339   |
| ロングラン         |  0.0660433 |  0.388571 |            193.9 | 12.8058   |
| サクラトゥジュール |  0.0527604 |  0.31042  |            110.9 |  5.85113  |
| ハッピーマン       |  0.0636397 |  0.374429 |             56.8 |  3.61474  |
| ペリエール         |  0.0613418 |  0.360909 |             38.1 |  2.33712  |
| ペプチドナイル     |  0.0368633 |  0.216888 |             57.7 |  2.12701  |
| ナチュラルライズ   |  0.0745654 |  0.438711 |             20.5 |  1.52859  |
| オメガギネス       |  0.0506835 |  0.2982   |             27.2 |  1.37859  |
| ブライアンセンス   |  0.0544855 |  0.32057  |             22.9 |  1.24772  |
| サイモンザナドゥ   |  0.0479192 |  0.281936 |             25.3 |  1.21236  |
| シックスペンス     |  0.0754601 |  0.443975 |             12.5 |  0.943251 |
| ロードクロンヌ     |  0.0680334 |  0.40028  |             11.9 |  0.809598 |
| ラムジェット       |  0.0623508 |  0.366846 |             10.9 |  0.679624 |
| ウィルソンテソーロ |  0.084039  |  0.49445  |              5.3 |  0.445407 |
| コスタノヴァ       |  0.0868429 |  0.510947 |              3.4 |  0.295266 |
| ダブルハートボンド |  0.0750861 |  0.441774 |              3.8 |  0.285327 |

## 予測確率ランキング
AIが算出したいずれかの馬が1着になる確率です。
| 馬名               |   予測確率 |   Raw確率 |   ユーザーオッズ |    期待値 |
|--------------------|------------|-----------|------------------|-----------|
| コスタノヴァ       |  0.0868429 |  0.510947 |              3.4 |  0.295266 |
| ウィルソンテソーロ |  0.084039  |  0.49445  |              5.3 |  0.445407 |
| シックスペンス     |  0.0754601 |  0.443975 |             12.5 |  0.943251 |
| ダブルハートボンド |  0.0750861 |  0.441774 |              3.8 |  0.285327 |
| ナチュラルライズ   |  0.0745654 |  0.438711 |             20.5 |  1.52859  |
| ロードクロンヌ     |  0.0680334 |  0.40028  |             11.9 |  0.809598 |
| ロングラン         |  0.0660433 |  0.388571 |            193.9 | 12.8058   |
| ハッピーマン       |  0.0636397 |  0.374429 |             56.8 |  3.61474  |
| ラムジェット       |  0.0623508 |  0.366846 |             10.9 |  0.679624 |
| ペリエール         |  0.0613418 |  0.360909 |             38.1 |  2.33712  |
| ブライアンセンス   |  0.0544855 |  0.32057  |             22.9 |  1.24772  |
| サクラトゥジュール |  0.0527604 |  0.31042  |            110.9 |  5.85113  |
| オメガギネス       |  0.0506835 |  0.2982   |             27.2 |  1.37859  |
| サイモンザナドゥ   |  0.0479192 |  0.281936 |             25.3 |  1.21236  |
| サンライズホーク   |  0.0398856 |  0.23467  |            647.7 | 25.8339   |
| ペプチドナイル     |  0.0368633 |  0.216888 |             57.7 |  2.12701  |

## オッズ順 (人気順)
ユーザー入力オッズに基づく人気順です。
| 馬名               |   予測確率 |   Raw確率 |   ユーザーオッズ |    期待値 |
|--------------------|------------|-----------|------------------|-----------|
| コスタノヴァ       |  0.0868429 |  0.510947 |              3.4 |  0.295266 |
| ダブルハートボンド |  0.0750861 |  0.441774 |              3.8 |  0.285327 |
| ウィルソンテソーロ |  0.084039  |  0.49445  |              5.3 |  0.445407 |
| ラムジェット       |  0.0623508 |  0.366846 |             10.9 |  0.679624 |
| ロードクロンヌ     |  0.0680334 |  0.40028  |             11.9 |  0.809598 |
| シックスペンス     |  0.0754601 |  0.443975 |             12.5 |  0.943251 |
| ナチュラルライズ   |  0.0745654 |  0.438711 |             20.5 |  1.52859  |
| ブライアンセンス   |  0.0544855 |  0.32057  |             22.9 |  1.24772  |
| サイモンザナドゥ   |  0.0479192 |  0.281936 |             25.3 |  1.21236  |
| オメガギネス       |  0.0506835 |  0.2982   |             27.2 |  1.37859  |
| ペリエール         |  0.0613418 |  0.360909 |             38.1 |  2.33712  |
| ハッピーマン       |  0.0636397 |  0.374429 |             56.8 |  3.61474  |
| ペプチドナイル     |  0.0368633 |  0.216888 |             57.7 |  2.12701  |
| サクラトゥジュール |  0.0527604 |  0.31042  |            110.9 |  5.85113  |
| ロングラン         |  0.0660433 |  0.388571 |            193.9 | 12.8058   |
| サンライズホーク   |  0.0398856 |  0.23467  |            647.7 | 25.8339   |

